12499976
23378915
213372045
140128188
43281026
197925259
83220422
190033304
232249207
135679041
87056267
186421701
107545595
99881623
130320779
172296091
71396033
37184990
127278912
202227328
228438351
37714032
33918211
103362579
51898630
219384977
7844677
75046548
24894079
106301528
84048585
193181258
247867150
59366137
115551508
36644931
201173516
103640000
135991940
212552915
224992190
202314416
23474572
73343882
193958747
179890278
64164785
67883979
127427928
199245337
132826097
178471629
52330122
239108631
191802845
227207993
52595334
82586083
119053215
102663559
208907230
27209333
201130884
202110704
118344689
90604539
71882596
14753393
17619423
226016280
145605452
49221646
58119454
193135224
158955401
3551381
72748828
115479842
87828505
234265284
143247298
126198267
10435921
219304501
32177227
67590592
95055228
195698965
93886221
561100
84538963
1696017
92921872
203335791
67539359
77495246
73152777
223120583
222845592
158373138
202141362
17883377
188621604
68469412
140768971
249568042
234842164
78977796
115387999
36841878
16759479
185303947
164995966
34583315
9608964
62093180
1373696
196237497
209004465
120008845
225643958
89939335
6245075
38707312
145513924
198818185
94502913
23971433
204101350
47162626
61917135
127714198
49177909
79811280
80109253
46093225
116038541
136122544
118627789
180777204
155679190
164073666
16956519
221940347
183804083
86616017
21141574
168909425
38758351
37903258
236515768
153176388
207248673
84265696
100646668
177740767
152786573
108297239
160092554
149661602
236169440
21701479
38334242
131896568
136538739
248900272
147892661
166764184
18250614
245660023
228487389
59513845
19720076
22352362
11045528
185508048
57068332
183372178
197007095
141435733
246451589
80142703
19988178
26469111
35500180
40071223
102162043
5559421
83281656
152707770
167273075
191951397
163508262
12171681
34130852
152660920
172076162
66709645
4835410
119513021
72878195
14456687
105330433
86433225
21744947
159480492
159187591
19214988
3690217
71254706
196267875
49841054
187161308
151240727
37647091
72457402
17943750
29839353
186416748
163467636
156381237
131339595
33134914
189970483
48073197
246039677
163824499
227908556
156797488
43269051
139613802
32906027
24786066
89738089
238787480
139775491
98761799
115364442
35800022
156546667
89483178
18327013
36938362
181966558
242940246
53927038
213974371
180377321
235862709
187689539
77600153
180975959
48555615
2039886
104097038
54173309
3252749
249413477
176679767
134662593
23444272
5934999
181556565
166361575
43893702
128758361
124005204
126117822
185598509
243493696
72075460
227718262
31509590
161425674
49400274
227492910
25458055
166230259
60359059
162976226
209958101
152828983
89302968
23883497
126656050
51629278
143969253
173019193
30693318
242624601
107970609
97194328
187220870
213157781
94628101
197876489
61091475
44969791
161327499
122874205
211271654
82110980
109050332
58797451
10485039
73962883
47568972
151227021
130109697
173995347
40578952
33251573
231799517
178496916
239813047
187537061
99799670
249627458
151553141
37122991
14729954
7822022
11909383
143519534
15002475
77925127
175190209
106870226
194328059
132427108
97409134
91060327
130239027
83681927
223133882
121576387
26953755
198466008
5910064
173134695
222496608
150818090
117367608
28619496
90455253
157562347
101918845
94680862
109867806
46833638
73085115
176455738
55880704
248620234
36612906
73455989
73630049
36595522
244559018
239171789
61482261
242947620
240462701
239609018
101484122
56185323
156594467
136570186
228139109
93337561
163712965
122872750
6223646
4908818
69608593
236711863
131186691
57380879
126514106
2314345
245170656
84085558
134850122
198210014
90397262
221212278
243793568
223407196
198434727
35758284
67439572
115783255
31548427
99938997
124560748
146982458
236032116
11916329
243490871
46256690
60338222
212255797
3478818
197454170
171214583
194780906
77583408
203750633
117039270
138250123
113342561
174441300
225952298
114444512
17800614
192992761
155688645
162624915
19121711
100782750
169372844
50811474
97776606
85776551
104940507
178549185
229801760
197999876
43691014
172531063
62941852
94221799
52560333
209663143
135808859
121024594
215985239
68662474
80288893
172573944
233927309
216596972
172415486
186971078
9984555
119855541
206140562
116061513
158693425
77608609
42665905
180326097
194283700
10471491
16735728
134871738
112647698
44654937
83179952
17638817
196236595
150266490
137494695
136985321
231624072
28827780
234389997
81864389
238829347
137201636
71863722
69964517
102511872
82277467
73597682
115594475
94309610
175881610
184853644
72717366
203756570
120330750
178708368
108663516
157990088
38633679
99776826
21003344
224085406
209349041
196437642
79088933
234263310
99308335
218868353
174753413
63589155
110148310
200292152
77570968
239954820
23350235
37091666
242230836
71016867
194460622
193825051
219877217
96274521
170453133
241575388
135802074
65042475
247013404
5881842
238036146
62147248
135466073
130106637
223500386
166664501
98826280
83886446
212750539
91974573
242338332
80857295
36288559
36474701
228155495
74576629
32696579
141866929
246508643
165539592
36055037
126890065
89821217
204317059
71866138
118326466
203022439
96395746
66394165
55662853
76172119
235134162
81545410
236679946
71462982
22526443
131974772
118410603
151912674
72861534
109837087
106471486
186343513
59130397
67527022
38873797
208773412
160420129
122329328
114623159
203703502
157401480
94271214
102701967
80402524
102410686
66841660
243639020
13349862
148732037
117898551
205751567
190089609
106675022
35105091
28404003
95951107
141038635
124867349
204374462
54714653
58056595
176700514
15595140
129598349
64628113
103912199
13494295
227358403
237707438
77320387
243872835
167992874
171660317
181070398
158409284
124884899
33868291
102408317
70626023
62617757
105763117
190525842
152925101
237110859
190780731
213877079
188299691
83890009
110888707
126677342
175367239
136473014
34436170
182980745
95710670
69234153
114950421
174139078
9021632
141852134
19190296
9881540
161386153
167336052
149522457
152881984
191137855
226796998
139770634
156885450
146723441
162564362
163668291
249108599
58325142
168731519
46397059
156533915
79320479
114167704
135460959
155771990
75498152
182553774
61169743
140107315
75304954
210238677
95556467
242731427
91928862
193417066
145904641
120881053
151585863
38590712
103329773
91792566
102607872
64175383
234734989
226726404
87241661
196247977
124142387
17228787
35180322
240956088
74658722
69442515
89871652
119086116
94612254
143956876
82538689
179169760
104252982
234178355
173154017
166108341
5870405
114821640
117761035
214521579
215233177
210803797
152580396
163378918
228864299
6078644
210345620
24312678
154730042
51290148
132954464
136834904
141159473
5364348
88511993
96380686
13213130
124416930
100858551
134022063
227817579
196225464
92742367
101086315
12147202
221135522
32703312
47455932
151425002
122469491
150000084
46619687
91912664
112899815
55523488
187453852
117330136
183482395
207980852
37630253
9792423
82236146
145327566
92435534
217330687
25343489
184919935
207510796
63762719
88136292
241469547
135234850
10338646
161904989
187196906
78036520
10601485
118309372
171542098
43486009
211867044
57406203
46459946
192381615
110143357
226114264
3363547
183571660
198228339
235672748
174426741
68042491
81003974
81438202
191370035
197906393
67323146
190191913
240931081
53660716
8618929
76227718
241370060
208944763
222299847
211957968
188574258
1386669
241913825
152723510
173269126
207995833
55701484
191432801
199806942
69956330
183658603
189736699
116812447
88739667
116591337
201345332
228838756
115476847
204779035
41563475
153339721
41850697
242987497
29333712
108360233
48538635
135242270
27905610
210220068
6996571
189318839
31181848
213277701
82010695
176054110
234677027
20703421
238138026
189892877
183764128
148312816
75201293
118778205
39312491
37972427
100729986
37726395
205570165
245860817
48857529
116049946
179935701
108879748
16212703
234653872
176816384
73626293
71334499
88931718
138835891
11340885
77988639
87410830
185106718
171577139
80775590
93459567
128472300
146420363
245524627
224270434
80306027
34371970
22732535
243376551
96909690
97533172
149490374
150165923
10350723
233739701
244787287
197890470
102395789
243564553
56125994
187620864
51595709
96771127
163631308
190639780
117469873
246523319
65283715
135050972
224407755
49129747
48389942
165731586
136050889
133311669
93006484
210796428
84477761
97993410
97470882
50477277
223507012
23991474
86240108
238323884
209319184
39781880
6716952
225367269
88513123
200012288
21972324
121669497
44245303
196696638
140699052
82608346
188629243
22629971
192222709
50353678
15559577
28432505
4517587
222307333
121901526
153517239
232594614
52774081
181602844
137451665
145579120
46349177
227466964
4095810
45260248
78217708
116284385
222508121
138438914
83503894
197872658
131087014
117958304
89401031
113968563
94385829
1200890
109693121
210668593
60626846
155581010
102877031
68303352
39308875
217592763
52578223
99331528
73416691
156297158
185381504
109737887
152976660
149674790
138798235
143940462
128097735
98505355
175910770
38744176
207397730
40503250
182170532
142780124
247143939
166205339
189957539
183991951
123829292
34384178
39360746
32572907
68316507
73613443
30283452
27660348
30276782
61647015
157293304
39808947
104688947
96251323
145075308
87634953
63033165
139162268
7199209
194739019
143718559
249413218
19601907
186592208
71833935
164581249
140356009
121683271
237504603
192262883
7104142
86246365
121124248
48269345
35987207
223629883
37681543
22635311
238926550
83260509
108625070
220969722
189433999
64343439
174813406
54191402
150203316
221481039
185173209
79138135
96921721
12400902
214996010
215688330
17676803
142344824
57418841
149801030
195725493
55178014
145376403
109531617
99655928
36260581
25981150
71165070
54393496
47566756
31584522
132608248
125881096
244899367
227900447
24896348
91627512
126502851
76495848
105207078
243849137
217943436
52534350
186060497
10968781
62803259
147883662
11902953
30298992
132565186
115330310
199156769
126832491
181736688
186214359
114250133
121056778
157906634
34030572
109917465
92220582
44717557
24428341
227489719
236617816
40828196
238942582
228515453
141781942
121811986
78090992
213931152
88065010
43116551
113876648
133197826
174329209
181418568
11317099
60500485
238963190
38750115
228535803
190747559
34230509
133636404
68315284
76544399
219020562
234769979
34571115
129685665
124556007
99635187
166079536
224923787
13241629
76539359
150323391
232719854
235471516
184491157
183270500
1939605
94036557
28588593
245176421
65571428
64419914
116710457
156689338
220270359
224695925
58385233
211814171
222220458
29421959
53948095
37670410
166544862
13268593
232983365
90541316
205206010
91234233
66459858
109491363
145154521
169000879
32267534
92425453
93623847
5550489
72755006
68593301
154085635
137693715
31114170
234765338
88721396
21596215
152706395
230372613
152924504
2686086
135981041
240301121
94840309
207987341
129470161
9851339
8730214
3135282
98041496
216047746
84786768
186473988
234099131
90890538
41331115
133489198
107537104
120591559
154606641
141214168
18811698
198797103
165134807
2267255
89060936
68501101
196570101
196457384
82039175
27760828
42011492
61365167
195301044
58384714
143113983
69812128
131671733
76052003
213835083
28991529
105739713
229964403
163186002
59169582
191798590
32224253
31000378
55875349
131853103
215710326
48586575
76146874
8520192
206408217
167776595
249386904
204282952
98175086
62581572
179870410
200268203
175091202
61576813
63342418
188139914
128110770
207676797
247078796
4600854
77781058
263733
178805714
207507737
189517542
24697990
72860362
79227599
219598341
171015067
243104386
96464755
100063623
175497572
32908721
93901452
164150265
102294308
166827644
106426745
18832699
215724764
134747602
232788068
76530697
55163485
131774259
163493660
249458608
134398368
3148060
231530230
51478531
46229733
96565889
132148657
14226896
99144047
69827708
105877135
226715278
224548777
88275320
241396832
139538701
19424660
248412363
88608409
246636404
130724933
197756439
163779886
108673186
238762599
33721886
138424620
58545502
70086311
7726841
185904779
89755265
118134423
128728541
24562868
104041316
39713755
18759625
184864992
58769834
195402729
117401928
182634590
93442861
181240634
170800057
218228428
160527324
206983309
5393675
80604609
238328735
211096139
4035293
239622698
146355973
42996228
120620889
58386184
28144184
38909797
107814718
154489849
161809864
221471127
67114088
17595958
172244529
132367509
28858770
83662567
53675957
243473732
236102790
109893068
79943167
31425756
81176786
153552893
230039153
52448515
383531
42373778
228521497
88518167
213145454
38524822
191676764
227039415
3801815
159072073
78115427
211747821
91271297
201173032
170432561
41034051
217500228
163511041
191389302
107693672
112201096
196562909
220825827
23334647
125575858
214136953
39472060
78134674
245276454
171632166
149816891
177456878
214306591
222723161
61762790
44419001
12614828
169306249
163678347
147462271
92480264
131071996
37621948
125189621
69275737
58575907
106548799
165033415
23297029
211614872
108849236
222138503
102616561
221046770
3229862
63887197
12944084
172420451
232415173
236502045
176119328
102572803
60146740
20795405
9014549
238064761
118984763
167501196
192157688
234018348
206650544
195566751
34303421
184852331
90708582
139394113
26825554
67598889
105871802
249767177
15985987
169054203
239898727
4401907
102444298
196817161
197252912
93707915
83125536
246971646
30157902
7820448
194262641
23915541
133315301
163726533
247937123
127533602
138072489
44201041
184068974
136813393
151701864
220223280
19830451
11436984
221036951
139952709
194759521
210507789
127801489
100623988
100697435
1135158
75234773
102683269
77725016
6583399
73699254
124132615
9633778
181383095
6714985
181160631
192402306
13128231
171065890
68232855
52122848
69723257
62169199
156871684
70681447
63266228
53261385
171384740
201155303
64121681
181323543
227871317
230623497
201199579
211865452
179624234
75651459
62092304
18989094
123880003
72695772
230812686
140227894
6223929
105808464
246884990
190076621
82782310
146944578
4273982
220839152
49302693
104196623
242540596
50601042
165496729
235292927
49009475
80246267
5462912
144933269
4075522
222630550
209284638
222506120
177237176
75360064
180344013
97185428
22162269
237076971
130224776
179305777
182221102
241240926
140636738
45965913
188550027
142611384
50399615
221178754
216529595
153151617
223789390
248481010
248843346
142329321
39947579
190170723
244958083
89235282
192387206
165787632
164212423
200701100
85482485
233425534
149872528
159870421
169160508
211848845
66271739
8724813
131247170
103573424
139264387
159087067
170982683
72887187
165335143
207478689
29851326
122974605
25229522
165351143
62083681
232403654
73783500
54613259
161504943
1739703
169882308
25909177
158732774
146556279
198271790
194952895
179665734
204021890
24685205
63510748
170453457
77245422
41764265
240499109
158438198
94689557
166875529
149094159
142595999
180677730
111479233
54851096
22470286
103739455
199636309
225891516
62752797
82962151
99245553
194600924
65674008
127743761
207709384
117827571
155842901
10502297
110828605
70767354
109896762
65168980
245439959
212604236
117660082
44843289
4118373
165532785
133844042
37017068
249345384
68667551
136211928
62053787
215685786
111292396
137223749
202557159
189373146
46566207
110105573
178488236
65660598
243246861
70421326
37884093
199224427
198547660
216603653
494525
162964327
32087113
221764576
2298453
228125665
18889877
80494013
24556661
65715502
133382830
3980058
189150411
190181997
111998641
45280365
140261080
226751337
48851721
140157772
81388389
158982606
72199317
26470029
143633235
17330391
112286621
41134142
175470870
211567004
232680046
109269493
64881002
113976283
235135069
157760484
70285954
239143059
87427035
153052142
35286374
134768878
119406621
47759317
70547640
179476113
197234408
233111730
23445542
158982604
208657985
147829546
86030159
206375078
246711962
135122543
131421323
76729372
169654252
168931362
40936588
95621672
4739218
56577456
11366015
93471607
25658098
111311746
225306903
163946752
44080180
190985903
98915702
134272786
141511216
143328057
244397774
88701190
67553439
194440816
122684391
226378565
242532945
15266177
139638848
172589934
23783269
126396082
235150987
94727778
66977506
102216669
178044227
121319700
130766583
8512283
107554192
142761314
48633640
55743335
219240288
11378841
148305816
33738265
178489440
16505044
53533509
155433346
195461458
5483116
34772139
61321554
205668583
138580727
79438368
141598651
239054059
92961261
140791603
84344475
206291783
228398459
16718886
101881827
168981675
98465090
44123454
210987048
119014622
70907086
132018704
12317410
39652848
244791739
106766194
95319498
43183718
25892740
133742627
52449954
139776424
120232467
156651545
8439666
183660927
229160713
46377775
138094062
209338666
235290008
39732909
91968089
12184857
111595877
28516735
172787671
121819940
9096982
237438321
233783480
118304060
177325480
199485666
78709310
217845185
105502355
100906857
229700501
28735354
18679555
5059043
149495477
170579162
140775284
155821322
53409986
170658713
85955752
238020790
231274174
102878226
64606454
4299854
23197386
85931382
136267403
48384468
39225524
180665452
146102220
237903389
33539988
72404139
244569441
73473979
219632885
39003311
181624689
142181576
175658407
115356505
175943841
221434568
754007
52585171
211386433
217563529
167268772
225035328
141130407
44333256
126795768
196742517
104516598
127154185
99888840
247151568
54679693
164084940
86474462
18255207
158584886
181338057
116093221
15070380
172439078
195531530
163546991
13328768
42802605
73837357
87346027
155696464
64225379
119397145
238670299
238029658
177885527
141687754
240100501
76609068
29860953
135646340
202178665
88147278
156695697
239359503
39688828
89502078
205131784
191159905
247504411
160764096
169970384
189042937
94658790
177879686
224145764
245192095
21556858
124587186
49376757
220007499
217267377
212486930
143805715
242400244
27334907
160046397
140996057
132324125
239863214
149363809
148458655
181354
16945801
2803828
2936166
59829933
162355036
173038071
214954359
82104849
241783915
55943041
211079023
176679531
6001927
169613590
71806411
10109540
95127445
88099843
212870496
91489377
113955770
170163937
201861933
193318939
98022514
66123010
132212883
18153872
40620241
195040514
229085685
48396650
248502284
191087454
26756808
69869541
29784935
185319908
159653193
211143257
234503421
220616789
165857676
130997861
42076855
82853376
113403863
172482860
13604085
123094689
120421407
95062589
79138914
87974528
46502908
29516906
178032920
5243818
77295607
85135788
145952205
181746940
178537035
50156040
172957644
123418695
193251076
8754254
111228506
20699236
138665369
73345695
28787270
120524683
227978277
103359878
36824510
5959322
88607666
91801490
148189503
246827968
26453680
185456455
247624153
146879419
95156458
129397854
211788317
30707558
48777329
177555385
117063472
245360975
26134355
100773170
232619645
99861853
164208565
146169343
231494497
30225201
203531486
47368611
126798668
205154503
125378447
80701843
208999551
172578693
135306586
236014646
237236641
196107716
3207596
228321471
227758659
5416999
110612859
169836115
163400154
103292669
230822675
61873839
195911809
227319785
19595794
43258916
100562231
95765842
164180206
121826658
198093201
11860362
174308819
236479107
33727576
19367540
38711025
226583204
118556160
137155622
50158990
122945300
101986757
216617509
89216956
240194752
25466892
195883794
124795384
163977129
53564925
205329690
228189765
169247067
55191910
140098167
217013753
142407129
79254620
183711752
170172112
111466653
224687643
177118794
94928838
177072519
149602928
219222704
185196098
149362702
52100732
153334620
111586972
98002927
180786796
226283082
133831461
47669533
138060900
10373173
31730858
243588332
232693130
236620007
2943801
239364262
584629
171374298
234773582
60248538
89245318
40594452
212058995
208674155
191741940
217838636
235426362
216531066
107668218
104546475
16786561
201491911
32974177
214186362
129460268
221564984
52024265
100033101
115218771
24862291
191482889
231128739
158885066
48928279
165080105
79579507
213370684
215883269
185507496
35553617
230440880
49625063
206857625
124729319
76366715
15921574
13649779
81922595
3422044
95705879
143720143
202574548
229572540
103401348
17336911
141082203
201015835
235700100
240611181
104166703
131847191
179066181
201550518
162575942
202520260
210002465
247785215
137614215
94578187
167201034
45724041
142065227
249071842
8638270
142714416
206554039
10896639
63938279
189252901
221892878
167352746
106547405
214073410
183107867
242839277
27490090
75182966
125799890
172251811
46581837
100358353
237109667
194836312
88326804
13426184
207614137
243509558
168603379
156783433
52237966
43562295
245300037
17647156
199742461
221730270
59783005
46379827
121761790
126313596
43039209
95431153
22057437
137941565
249815780
153524597
238988087
30755919
87497142
221214602
59253516
221550668
26009858
70660606
142349272
126001479
151737967
221180476
67941697
85279238
133294788
147510834
43380867
143309439
33589279
145267159
193763908
96742623
97690941
84504634
100275061
242559695
188822316
147189610
19161279
174391516
78063109
210310943
31154602
92525733
36087640
71876087
155752246
165093697
171237470
100937004
75247737
78584409
43959152
185796989
217346624
234751288
51775025
29440361
162511251
86338812
125360683
159023693
107573467
11841096
166748115
18276253
61098260
112284415
43351435
6201346
86268419
176126384
178995003
190739903
181333703
117610296
135013336
134528603
5232678
167947339
43391701
101635710
222059420
203968070
106352144
119488316
68531552
219493863
127154446
149786696
249809224
129733843
76016281
106794600
194638597
78123918
155834832
208432902
34622427
38560896
29249821
227225241
158665293
18059560
222349767
78697904
104479763
33292088
214406944
24810867
214704019
193283308
220655116
155535740
156787354
248044464
120757057
85761632
129975459
70400957
101685203
27998096
170164335
203577654
71109568
20200824
153283552
102184391
33474795
214513971
224096310
199237672
134916857
35478590
164805453
179809344
163269910
78331871
140946446
89694246
18746669
156089427
41077973
3417502
35660934
134474732
174367541
168895737
198838305
69910325
41234520
168532559
123863097
44543187
241225619
94956320
123828488
152440157
198101417
89650025
63423645
75574346
243634445
93989143
9377700
162659804
53511506
14179800
119944007
111505710
245831216
98745161
3392984
64027564
37739642
215023029
192389412
34576538
19816358
175128472
82278961
206729071
118710643
189904596
15113859
35403673
235529668
48944945
45598820
11080541
73009348
25863545
243274841
154407290
235979296
228437442
244404448
243177275
23414717
111901133
191737297
95825159
18648673
203005744
30232107
156785474
162377403
108760433
26814425
245409995
180461824
236775087
64980228
173600926
102296291
210356527
142575796
80125505
134341741
97579683
186566267
142473479
198514950
169581575
101137586
244302598
66717615
248468935
51095297
191242620
117441309
141049753
7301863
166204447
110463633
92689169
220034620
147764489
117117309
182417281
232714929
39888576
125822709
52447315
156205676
92839087
162271379
34325285
105179699
144458455
63349029
75089945
144745333
197675684
70400247
115730693
54028962
43504474
199460936
231883614
233280068
159990179
231518293
29659128
210514038
108393474
179980280
207585616
103603532
192511127
50719708
20432899
65572159
153769286
88807739
187907644
97925460
51312035
238653043
19447761
128395621
178605389
185220635
200102911
11543606
218231861
2989229
29803891
6843022
93530620
28918421
81512051
187566515
23105578
196801650
153784289
118388617
98994453
107863917
107291919
157887059
10433442
40794245
164962165
181785530
112401560
20341512
186974408
232072959
195235377
117463036
9787625
204707721
206633778
120011729
114741957
243116920
234991639
242389294
242318730
214336014
175875460
139429727
38033388
160650903
19754716
68328579
92913888
99214307
58303996
153835321
94507776
219868385
92022172
54020560
60195704
172442296
103505779
143339031
3594632
167230102
106009608
34810259
222739395
98549604
189846290
189633363
184560908
9552037
132686730
104495991
230909471
232580872
221818553
84780315
46357920
191295363
4030079
77279895
183595641
5293115
240932346
139623020
117181673
181755088
97167386
80432373
196034758
245651804
110000813
197561458
51936811
15780394
43101084
109186785
131130170
101326558
211817055
33144961
34353082
81634486
153537346
120223600
109876188
132364597
50883649
176684269
182925316
161361817
225617040
246450576
248743351
138877882
199793522
118530664
117537437
184163833
92670315
22606804
215322894
51531824
182041407
89894153
11927415
2637470
73954128
159508291
156514546
40064361
249951394
11229214
45778334
160725544
102896997
114319277
157645677
237802343
41333796
176189133
129232777
88535748
64025092
144827758
124268264
200599515
52190567
147750620
229355200
165142385
151604485
130968517
205794627
211468610
39835852
85159267
110403898
10572860
54066117
170166282
130469566
49726999
147823998
65572074
24450824
163856104
75576069
172617449
146862161
193434109
222120666
216309440
40738555
55499561
103431905
168289126
105704805
115892986
140239033
212785554
123242725
188611489
227039916
182542758
247771474
106860
203478503
124725665
178839190
68642302
201441356
144670185
133956903
199600589
209777653
65665317
76110449
241693658
196831745
243001487
119701111
120805011
11072858
65977987
106436612
24196078
44644884
213996763
190485111
217604879
61725411
223738552
138655648
96420057
19260635
181682522
68758233
40638378
134900104
23706977
62851007
2399005
113228167
44453478
180668878
233499228
118328908
246755334
50115499
33072623
19244823
140637283
156966616
28966390
207237488
157072204
34897187
126942560
187074284
199063511
68144288
215350600
120848910
135441267
150302944
199602009
42120176
114857571
210175963
6538666
127480351
215259375
159366683
184367205
187615608
48327113
28492674
152391396
132906960
211599103
222240701
74577373
154098671
79322615
102843978
200946267
232833722
208668768
9985575
52607744
137884089
50677429
137096026
65094858
168499318
21970308
29800540
105485709
69492115
86595693
12705369
51537615
49965675
50162851
184978503
87882776
72347308
2727848
26255622
194817347
73940779
37870334
99360014
216047896
207449485
12170627
126112656
47982516
35450017
16166097
170872377
197101267
222553714
131407248
171348602
50845822
175048364
46582575
74959660
44421341
183805114
196511950
114152807
75482841
1572305
84359995
216468623
83749442
162255937
222369178
201944162
210536348
181511857
41664053
31424413
71227448
83455754
9911055
88468308
177363374
234713529
113338104
167670427
223347809
117669031
29697878
44385792
52363301
45591492
45300926
132436640
235409535
79788208
59014006
235091347
221235662
203974069
49127209
249901657
143814665
229270208
86527260
103972593
164652455
148130332
161039765
54845198
74353852
215617169
26072505
58160126
94514861
199966904
207325727
189108428
225440262
49588951
241047003
200462896
232646478
115933778
134911431
231049340
62709278
106769791
189277139
245366396
28291179
5047070
79107710
83229692
11130528
233535248
56205749
60490552
18060269
193798903
43858098
60842485
11270387
229470502
162535913
128234936
150102349
20188990
94632782
118602071
96603752
16720219
188686421
189189499
823607
210312631
16728896
55534831
143750380
195554090
157837816
11278141
68270140
181841952
96516623
173829587
108333327
200668720
30647020
132412154
47192014
203958519
177750566
184732323
56005287
15154549
113173220
140770693
241721417
48942209
134709795
88405256
47334214
28197078
147923925
113356304
96716083
205714674
228125136
82904526
117558789
177692285
198725004
92205026
24544073
72848590
49378015
184790947
41094850
102129771
111312082
64360617
249513480
55900965
54495564
80821142
239745497
84914479
175115801
140485603
129026162
129590391
91648045
223202164
143056484
138693256
120633245
39760754
156402641
199981358
227868531
179382946
37480331
29749855
93114527
248722870
130577334
241877398
222874549
134668642
222745245
239310436
144592053
97221037
91695615
32674341
64648051
70954574
135486220
141521097
125328829
82864022
20692208
190722728
230170396
204176044
115906348
51511710
129955863
33378207
121984201
32449643
181237989
243809497
183625354
42894308
32446103
133679550
124371094
225729695
148335195
173750613
220413260
59802496
120646404
31568707
75708388
194792644
206182073
184606217
95704986
52471726
238715658
86007748
83564161
34207772
140040474
200288065
66095348
53199230
59198573
2813535
15046293
2776579
3140791
120918114
201332343
46208216
134167416
194301410
104462254
243535383
152273997
66330898
201773762
75637475
150458966
215909840
99681517
64398383
211240973
129351078
73165179
27917415
155179964
81272580
94494109
155488985
158796325
4822830
17111105
241812885
3551911
151041120
224788890
160104798
72065776
176921169
89270508
163903695
137915626
63300781
3056625
58237333
167098897
169709645
60446532
249024367
118343635
67172075
911867
197168080
215038681
175373142
69377435
103329885
121309858
161650631
53741266
126482104
124241708
659265
4344004
217090276
79678671
216619842
34453491
76960040
131191995
17590035
74132247
234722830
248830680
116469814
180215606
15717045
50836999
36486354
194067624
194899199
91359462
58481775
40007750
90933669
157356573
4575504
24467456
507423
70183481
37348593
171221696
228462362
66493987
125088863
172305416
204675992
107621285
169537303
19086987
122867449
174436996
159290396
218180499
46452597
212992770
194798289
1493219
215902477
117700991
174223608
116965435
148491459
103952268
118259727
29053052
195872065
240635689
76754722
60318606
232219876
33829604
246274483
49956079
190727575
179526945
39112350
61404568
10639896
21679370
105110542
202626754
111863017
50181748
126037603
173444496
74236855
151058446
228920226
115642425
47887196
106565454
214959572
45748
30153706
125894487
147443302
115666356
229651085
139205127
93255094
9642871
157665605
139823952
174977153
45965483
37932368
175082071
144336236
163212722
163928499
160254087
243594674
16690783
7689764
240477588
237845715
197764319
71183581
204980024
34417381
226604458
84376597
66620158
194032554
117905706
108092690
91040211
5944250
40442508
23993804
61891334
160184892
129792879
162576168
74340942
15701754
244386578
179527573
139016360
210777352
152371052
91203929
188079673
59512814
10190997
53986430
82632784
117603327
10864600
68215201
175908992
130442295
123719466
128668989
127623173
12379502
192368333
83734108
234269201
106004484
78250423
152305832
150738816
124964912
213915045
98301205
204803858
220047858
183092402
126305479
124227563
206652521
121792451
103129950
104999304
216115629
158497402
40839092
236065195
19947167
73548885
215517541
89848743
56864723
121470182
90548200
33923795
3302342
3292249
95685839
84820322
102170160
188822176
168427888
13241881
134968246
100648874
218551530
5191956
60698908
14581963
154422099
200432265
8383450
218850173
25227440
126090274
140547068
140420414
154034595
96277656
109485972
235692926
27585741
76534079
242818378
72141950
144702088
177393313
109056445
226495475
10794253
17882398
115249072
114332062
185101477
189915289
158015761
13634087
151663863
200176040
180368849
29330003
138464936
233405333
90893514
216008114
172153670
60421378
89028783
219563870
42041332
85354871
44339948
68834535
212503036
91323833
56747442
202295731
242824048
120033136
48806830
214311655
214051580
73497122
135264447
70223625
2320184
228407379
23437458
26455816
70341425
130028583
35047052
1256134
197811889
27888870
13910819
181314700
87377959
98032529
104342932
242992784
183736759
201224065
215716635
224125477
217198392
142004808
58027443
242253185
191996333
163385364
136700935
45678855
58594967
5157324
2213359
16170221
209283104
179806626
88761662
189813896
90858666
95245408
187305666
44474479
64977702
228826382
191508042
243727784
98443840
103651175
42270781
226157879
237744308
86664271
142839090
205835634
2099550
10470809
224209181
149644553
201595340
223624046
29476227
49727616
46942141
154612166
12400500
239557884
62550930
141594425
236222698
246514544
197171790
111461467
246739343
220515722
176689799
128275503
14526249
88017453
44650092
182204444
144834161
137946424
108639783
230977133
105268776
122827152
57393878
50439332
109252062
42595116
117892595
230682021
211724792
135663842
164351889
31742514
198422718
168809903
180593752
99813896
148200203
80674170
73262725
143409134
134885434
84578094
104915796
141353610
189640755
37896125
168600049
132427424
15518970
188620240
29775585
15963817
43496016
50564428
212302237
231449033
191164239
203859909
171435497
30982862
185208285
127424295
124877127
175815078
58900597
61480965
47135345
47213521
187055796
117256891
121984195
121996572
107527923
220013800
192637515
241257622
48644621
222569880
190940136
207427053
195602398
169514085
168119
100142730
102874894
125144543
108920332
203553715
177699842
101210764
76538161
173275685
205954132
164702538
106524216
177670882
152893277
85221859
195494687
95321921
11249934
139307490
138222812
225042589
4019675
35983221
103422916
6179990
22568359
59765249
240306169
155821922
142429597
200534222
25864513
68869359
92467204
129744422
159197128
28934768
191609861
109246161
68064606
198346423
120399793
149365787
89581235
82355589
111249615
228288716
79989501
89376782
109979540
221067054
53883612
128189878
189616279
186753142
84329656
72755790
98796085
214274521
100918194
201410405
179436623
31515360
59210869
81571043
59320143
121749954
2023333
175966423
34316858
139653453
149086286
40757078
46340754
126282397
243288279
265572
231818693
202091015
25249159
18783010
219671437
169106445
238866983
49398830
138172581
141422422
119293584
159761029
160719079
2938878
232239249
137181802
170877548
2522483
4357686
167800534
153487061
231970970
148753327
123201268
239435765
56181536
72581109
131259733
134009880
64046672
219725141
224965282
93708569
18545815
68558462
152138878
150660814
24862739
6879311
106893736
171302080
219482814
197754519
112660475
21419084
90010300
3834256
43399449
8373135
160097588
50253062
180565445
162461579
220319205
11578897
244936741
227993229
219142651
188320608
78693768
174389476
18446550
4236264
166215100
56402373
177490840
215351780
109930605
63715259
71309254
213339134
95387196
213855831
89069028
95248793
41615094
84059708
248171284
157385323
48527062
132143514
33872483
209640888
227318403
102601711
249430257
136576445
22417300
248324095
145889384
92369802
68626580
94981474
236809762
26652808
40653204
189406256
89390949
150864577
239914581
169646338
46453217
96305177
66566700
55730867
210614489
123937880
142741160
223014734
153619179
1291597
78674458
241187932
57915392
85395825
218848721
39885265
161378919
226158998
88996489
218976277
9202416
182582963
225268409
68527872
227874747
18724026
240591116
120467996
117034770
59411197
64042347
166849206
47189423
220442584
69077853
54785373
58680874
201734522
134323721
158173147
208941797
122224881
221682346
80838813
232144640
167821315
195889965
124965129
1296304
109026491
153954772
149198998
27742171
230166195
194052999
229346581
89881730
208741030
125895802
120359798
94985022
132626664
26949849
66563380
43287916
22272209
91538069
248253834
4459090
85015313
190590436
76177324
27473507
48547028
249138541
39454285
155762552
56142726
191958804
34319934
86510285
166597645
217123887
52427888
122711124
152255829
223103140
22197903
48672701
73365789
39517690
13773246
76663254
188134229
107957798
128131462
213024639
37707078
168359804
98841976
246651960
131685638
44737929
195812396
147316921
246175848
131691458
134283469
13223391
225067319
70964340
155572634
141408768
201703741
215471439
106405106
86806008
105790171
15699922
57829322
12251500
169672142
216119155
193969317
78094377
16076906
38329522
27139672
61502718
221537541
164905913
208380699
61372704
107625337
222575348
192943502
24961096
151997509
51624064
102450883
7980120
178732253
196753946
3740175
191214221
244733546
64623966
17477367
76295136
103460622
162008338
152161084
84213635
179036401
132851829
191971252
204300124
16530351
82137390
68840258
230405293
6702204
88705904
149917199
80011184
124872488
163933982
147527210
137882358
155330778
10824066
220244324
103498501
166383097
112976280
213058622
116712817
244173818
141575302
66904825
24095014
246442426
240516125
32601488
106588383
219477895
249092502
13249447
158591033
120948822
77377554
173756474
109843266
60543546
188301512
143230347
93462158
89598009
173259865
242114365
246786257
247699123
213985705
46982875
228221986
182177065
106675990
45162576
66381985
69780508
124682204
156754657
60016989
145300003
4595540
45665386
153212228
77420143
132089602
142106387
46484358
112481040
6060848
173701272
38347062
122899186
117129604
38287515
200076120
186077356
244492791
26709310
55623451
118133666
141486901
102424622
118117672
230252111
7323394
119868880
151780466
113158314
25390820
226254260
172558927
100089564
31322769
245573010
164172547
63280220
52036670
121811029
221612443
102725989
184258919
10119184
39149542
138067266
99182655
67978186
198895749
129452860
212171013
219179849
146291160
129002922
179759178
72610540
142731228
11808622
219957830
186707824
32379529
207415889
56549858
26618928
7774496
93903978
110672668
155037020
174646215
110146196
7258221
68289351
181561827
11916659
72394454
239313427
150990847
44514823
85935109
194830801
67097335
125567224
232669127
92310004
211148078
71759073
210953511
150201165
182041921
147201988
34785530
232099516
20660478
70150147
66976668
170744020
215517270
98888145
182710347
232370284
164923033
167069638
167092788
16362205
91995165
61256216
143827809
9587453
738022
232952020
96982603
207069266
33027866
118265655
162949435
245731625
128789308
12968041
12470090
171299233
193015284
193749252
194694529
4753272
93659038
234781397
153921064
172348440
178682538
201412321
170126466
16487490
15710888
181340768
144745539
86280935
187046224
243549867
136777526
129569722
142294129
144771790
162113909
181723510
178947109
139220829
190726751
22077668
110562067
226786571
133099028
202713513
46804824
206616544
246937843
1630691
39616559
182299347
209496830
204942702
67125535
179004704
54482314
102300792
56914893
181314060
55729640
221133695
188517758
150371917
88595412
168406501
47201370
147354641
235137983
67781342
36281044
196175550
182058259
171921111
97596700
97791500
204691257
85174007
88949612
214238001
102001108
159918386
229631773
69299385
93832533
224659278
63376790
110932835
32175
104719515
9166172
25376974
173272006
70946520
52367733
64098737
105230636
65739665
86622078
173664515
47122659
180434450
105639454
111895921
186806571
147507733
62176259
135515898
48680964
155435339
30750030
168602842
195206908
57527393
28191910
226948627
170930103
192391599
16463026
114416676
23708452
197510517
41688015
2298394
139585467
107986645
247831445
105508355
163167282
93770818
11372584
174011784
165964481
155431570
212609928
62224746
50036302
41599644
11837100
121842295
125268320
208669246
237338379
223816402
25759138
93917627
230972956
15216568
154283495
45143214
240887673
27034190
44173373
168427588
127839741
106352522
133124166
173463402
60989685
48130652
149599290
106645983
142567871
221892542
12914223
140545802
56163916
8807665
29284748
26256523
100132708
80672189
212637513
113521014
172307501
20299274
187410721
193481162
117240958
108930863
235123370
49522622
218483710
186456034
5648065
124394350
164684769
15141626
86887022
207896677
162317967
135363959
14694119
97810341
224263394
234240682
163900061
133863453
149396476
19304808
115296145
25272011
108230139
158161903
146161185
229086026
9272640
235950472
245087175
118613332
48232128
243838361
125186728
91614966
67512272
239057091
32656041
26965904
132323715
84137065
149596421
225076906
112190737
26787778
92750265
149441585
53762569
50126064
91219826
183240864
82514565
214303615
170042228
67250261
58499656
244714417
21475478
230794696
16914348
180060590
176743159
76411340
203514689
72622741
239877770
106065659
114798083
201928671
182676948
136358790
138628101
47432569
232005121
162535136
96638327
20404863
160111038
103577477
68803174
246297217
62013638
65309913
161964522
215547264
199593520
221434823
175902438
48161234
70405621
88102000
38376103
22471758
156502144
144031382
247491433
91716647
89212130
222191763
141279542
61070431
174901620
190841784
184471996
71674218
237386885
172041233
99232708
31974384
18240919
153377201
220975695
76280354
112999130
37569224
153793272
238412957
238885464
117157318
218565339
68639479
66790076
194064454
18322506
152905829
219621057
209784385
246680440
107519911
35027122
202176529
97670591
27008258
173923484
197352392
12007057
93809670
210067999
48019519
46461073
107678133
153273351
167794702
203955296
24217475
61714320
112581050
83378540
84059795
238258824
140346022
18773122
52052247
230477067
31190977
16627493
216364192
55728902
134822318
19793030
204127760
59197570
89479397
1174230
207263269
30326385
229257376
129220761
233119322
188957092
179860739
189134117
58108411
99806372
5858426
29116714
129257296
226684396
76212297
23875725
15135094
116231743
161761324
789698
40914541
13103465
100670755
134664605
209010597
29360944
3000650
159539679
51634070
236029768
165459799
175193050
217134051
98171469
129573890
37005824
185705742
71957720
226765438
59063504
164618614
98954135
135848753
62824616
46487188
17536033
214671966
214046394
194647983
35879336
114789423
180338968
220691615
150204499
75912746
218385794
147320460
30773919
12941432
84783406
156508168
9623231
235024333
190029170
118326797
75086698
765831
154781950
76878810
175641827
694726
113160316
54996845
142945757
35468438
126512727
167857768
114248754
103500660
66117121
77325522
145380856
159315474
244780397
206733881
123957096
61244341
123417903
222531037
181136746
49997851
160808470
187170564
120682546
41413490
234484832
17622578
28656905
38716912
159083983
62677933
26628514
224104797
123447902
11359642
32586942
205102666
53636017
131971215
149068967
194136262
12180407
202964716
74603490
100697103
215125904
234794636
69543985
107462305
143677348
39922116
236453654
63657736
22788411
112658449
131279132
226358087
53087123
154174918
17512056
12060946
3137841
3487009
5012354
168639940
140228273
114981516
128561207
11448991
201454487
64530816
5673536
188836982
219811551
87121709
80782279
24868385
201945579
127104564
183262967
25721605
10221248
157228640
72268266
77051805
118947278
194358113
95539709
143418510
232332074
73388001
215858909
188801629
244463827
47331193
78680790
37400709
173714270
206184832
7284902
53205019
28811473
219922796
207660584
218297951
1509775
24922356
46125936
50674311
210487780
127433310
177564365
126133505
132640111
69274677
131764254
20743962
191037398
213634103
174846683
228724331
49538573
33609377
118168098
29834829
74688236
225038037
164841551
18368435
113890505
31712045
226946244
62889601
10738601
65076296
206531502
22867248
240375280
53438561
82747414
140711304
235685425
29244292
80921971
65464342
5566188
84041706
249876340
170660415
230235769
213664304
116681906
186348242
70005267
193899981
210847706
210393729
163282652
239016362
238638496
220898624
238091240
176884038
70379416
72669147
115912300
98910107
102586529
24768010
157405322
207617689
559821
219558782
113355964
122772528
162143261
146845736
235296597
222521541
17998858
181043953
159529403
70757861
20110841
146312808
237131544
186967384
187429196
100269790
60247451
94892956
180889151
220408319
243827733
209113512
190286422
83043668
198579906
127435265
135147517
225686345
45904753
175799689
47193636
125158663
97187001
55151190
35038174
109822582
187455231
148617758
50219815
158509685
232035089
83884842
64038218
173960137
168251058
191887076
218439983
169574873
52450924
114825733
234441742
9017914
24985548
223139576
213649395
411499
241205501
178833383
29241015
133950836
246612530
202981477
95388665
77205095
55776463
227587464
132448390
27808609
138882794
156561422
29418818
120881065
7758403
125948448
77461602
119751542
62027474
149730232
12006745
30253950
211704135
246920048
87737615
105350295
198595079
16998454
173650402
73590204
218589259
141105964
133864621
2935329
147289760
220744465
78332675
199357078
38682436
51658790
131362589
10027547
151852641
195267191
244838185
231332809
33433262
95914885
152415420
151188220
77285355
79779311
24347601
96616357
117789083
159347325
247261734
74278574
222880288
53705539
24120884
51382535
164850404
28346496
150771130
30913509
214694640
128672582
182473328
55184498
129289043
72975364
72256203
63241130
93088204
237797562
64331113
57003557
94848205
95394333
148787129
86775329
69662283
140566063
121154326
109752951
146568215
163264297
140434067
96855134
248020828
224585045
66366409
179611169
145097094
123617099
46659958
25282827
213827559
121916253
130716917
200865710
185827933
178871571
94951285
185697142
53615996
238169237
85754492
93940319
225165575
243931061
78834438
200125034
41704836
24296821
170958052
108915115
69201965
156971563
135037153
101282770
57246109
39559055
122227697
192031989
108644418
245523921
134903386
102578591
206097028
21009091
42247148
65335621
191446572
80546695
113075317
194595715
161820659
83939809
104260402
1580074
68562198
157026635
45422248
68538795
31019423
184210360
57835616
60686041
240863872
247036197
62476895
139032463
161414921
33857894
101578368
170426103
56685798
160962759
53255465
140691755
249758992
80389321
168712500
95690647
131936980
62973822
39111358
248758656
102761962
11186158
72960015
74191809
16152938
102468594
88032856
30524529
240496909
42466827
32581749
98557711
43145195
27891349
194301595
70769022
154213834
21180925
217728815
79259423
178342414
57660904
120081657
188368767
8392424
247158957
156734228
217579832
9032822
24049315
221411446
126795272
66089067
195397452
55795978
198993603
78137080
90072207
211503378
180742021
165035288
9844934
4793054
108502342
13009669
170950924
52791370
129753811
2959688
56394949
242521138
36788009
161243497
212490253
246148627
204405689
35657659
118092249
128986780
137454153
104173030
62565786
72466584
157166753
216449355
118926764
64657386
132449331
214556385
121957990
247090113
3471567
15060449
39494554
228985570
249993288
182281031
35242824
240380299
15378101
114640390
30315237
146355159
97494737
175003
173036439
333776
120800027
136704910
44842637
76754564
180634340
173616908
187801065
140587608
135484560
70332101
200629233
205769466
38287724
204443284
150693123
28398674
79905296
47637812
15718113
141569446
102215273
50481348
249901822
91145754
1386635
169920811
242368404
46035126
137547943
53730907
171940086
69293433
225876735
89535108
229920761
184113825
199165451
222627752
57692394
11327064
188310962
87160217
187232105
243791440
23340186
202957917
77657960
145485301
47558666
100766708
108446377
12027889
35002011
173773848
156220861
159236273
109480452
162479947
239019833
209615278
103757561
155165395
83310433
237943215
21840096
242644202
153831216
25699356
116836292
39589545
208349266
247503986
182907624
9071730
63245824
40679596
206923668
92755496
209724640
84346897
16346423
237037226
101229585
120354883
48382706
165247390
102071616
103466889
6429039
87423047
187940611
203366829
29676328
185613445
162744671
4867265
65206677
124789829
17716923
97118740
174884534
207641462
55334197
177111239
1574295
206184607
164677193
184060970
148141014
131147373
225435113
17153170
99325448
203172607
50107367
130854199
147355445
8894787
7583100
229763372
73838391
51173809
62195469
104722290
168283015
238496370
133713657
87838227
171025043
64018114
169035321
34760751
246023460
227905841
81433448
124180367
159551154
188131497
20497773
165672008
166983153
43726340
220444023
238615200
232496544
64937732
237614771
122784404
22823802
155117387
15096377
235680970
62369617
19906486
234207621
135530317
151440621
247919964
46637090
8596095
196968151
26536192
73798929
4857264
180812855
106277201
83830741
244583489
234057699
185105967
51300147
53093601
27770235
118996566
78555743
167489516
234231110
248360506
95232480
95666976
131135870
193423967
249838370
57658665
226237383
248010070
182132349
91477399
116243842
61178018
166475862
136278864
134152833
44410513
24689356
208788240
105290826
151160402
58744629
33353071
141962724
156754412
142366346
143144982
125461414
69432915
68463759
160415014
130972686
132284644
168009079
155228466
154454353
214538756
26165058
41252043
18982113
66828760
187083918
216061678
28945195
201441645
47998673
137975814
41385201
168711365
139463608
238448613
158884874
10585992
235624226
226057580
189538601
100961701
114869045
215862751
221286323
214965819
71102635
124783234
133698223
28216870
150773362
218917403
22369301
22943526
154033933
1655095
34749183
207265449
26732728
97545127
39258123
166638689
152813851
50376960
2298023
169174335
205136146
16158202
87454804
149670690
53865111
238781287
248758910
66473708
212555144
220942966
144843779
126353480
71328697
194336704
182172851
67646700
184985823
121987783
95798533
66743294
21870688
63463676
36809534
235478599
164932959
5129830
143868723
241115558
20255246
80789421
159767065
157982975
60136051
87797549
185312541
8994733
26378092
184848863
139479011
242531276
175557470
132034531
33118107
160610346
15650419
92959471
19598709
25605445
66770492
36257062
112215870
138972319
63670109
219886673
216348639
226928601
153055386
2003522
116385908
148419247
122838583
7555883
53805217
76549073
224775670
103059797
207400146
11880054
165490945
44137610
242664334
50035156
210664483
148181070
102738768
52608888
231272406
194601513
30693967
43171708
88485357
138829346
180053712
55298523
140377811
73391604
98116602
83543069
222055960
208107611
63419447
192895827
75534948
91494
249820531
221059510
207526459
202486741
31065292
228942620
169549482
76677367
175378929
26025634
63691178
216165606
242013629
243767497
118044131
32377497
200153790
216322257
69840596
163126939
223550482
207328323
208041920
66737790
133269570
182756279
130349997
144526435
151678335
24354356
177236302
184821586
158759099
133466551
119067146
104578413
151768920
107713007
6534176
138152647
245217098
169573888
145838016
198153771
43373761
135733196
7834595
90464020
106876111
37656788
74364599
224739470
229760907
233399198
118067422
19427803
203056185
239022963
222061394
94934616
136841881
206323820
163537196
225267688
116198697
19211426
30804570
175381083
199754285
21859297
128394365
199662616
19577186
224627597
170847827
227902425
29790831
117292958
35020894
134532210
111155540
22581779
65743379
75277641
51864107
67825976
162773590
154327843
136094063
105790258
117309562
123410676
237914249
232968913
38607891
186676485
116921020
239296095
51151464
129169928
78841845
84506082
237323951
176158994
217566066
79465582
64898401
215285616
87146902
189885547
71242835
70696796
211681057
144583546
219707269
136353639
170144874
208189103
26302221
133222783
112449728
15954219
246019934
93205444
165004846
135873574
112679191
243888268
25241958
14384405
59802995
135712679
43450722
52467566
71230984
63479362
223564846
238479852
1527473
218727931
112067107
47898414
100698083
38705970
36416825
150886636
78834452
119056502
238825578
6561893
172770314
129091228
56129782
52004279
220373871
90586577
25146342
229945197
30807695
51000258
144441722
11317959
221862004
177989809
99430888
124290891
86048062
74515443
210405285
83884957
117093958
124202349
199610364
145125734
71759437
112466143
183699513
174713644
220070897
210216358
173135599
129850517
228575017
153099784
161886245
71435537
133625612
230516675
130625615
157175657
107367057
59401997
247280497
120349552
168807364
24252821
158110753
223889880
81126755
138017985
99429144
144829436
163100639
116467115
30364946
177425154
171091965
177383655
245033253
82504288
85949130
77074992
115124717
92235165
237314782
220940492
165323156
170249537
67788472
70040081
53608199
109636033
164674577
146774910
62618460
55000858
120655671
170463339
66985379
67080518
186204266
217921012
76417576
172181509
67157239
136951327
1028568
34241680
179826838
159498617
67981765
41608204
245837855
71154742
188765710
157004279
235647434
98355650
119720397
23729075
235465718
34591031
244873436
78793475
227629229
49831287
165614028
100754798
58337814
54910883
187088128
71532499
57903563
118074135
27410815
59962623
173374698
45061097
45329354
15079975
91117647
37968221
3231103
34684492
231376759
4362820
67723930
61813714
206679490
221177091
29318168
89285065
35570967
142866344
44430624
227985623
208339197
105621739
173452957
135376292
54927105
178885283
123912788
179922261
125210880
148463846
168605147
236135858
134330406
52629901
8073440
151370656
115897471
45858069
176795360
64993356
211547108
230993911
165007287
69144584
128666492
94572873
93187679
168388027
4576476
199408121
155255827
238940052
22515386
74555074
169764116
103416435
224959643
249968247
110901329
4547177
200372477
11703727
223259483
81620557
166941667
47538144
248910864
225661666
146698414
198577503
85728722
240859565
42169740
111821809
173941438
116658096
69986439
208439626
58672605
92677418
125876353
74215733
89643534
23452232
16742345
57703734
174104198
37473915
114565578
240450836
3874717
217291924
8683702
95633667
114937958
9751028
131282835
152440910
130876725
13884741
105563652
38489589
192869281
86678116
16323518
123062383
79823564
159224137
237088957
131251717
145979101
116186519
131265221
110145696
7732639
227079110
26151015
169577454
114670635
125742694
25931355
65083435
198608207
170364116
121146411
182276732
116505564
181684534
132606287
162124423
238139344
207936615
49028316
137156130
20104754
206406758
210068600
143162732
48944603
243094790
146792985
18664748
123951264
232072885
58417957
53673888
37273410
38299620
16281443
192361859
240216903
173038946
151670673
173968608
128964646
49848180
149472546
11007334
118153852
84246452
98186343
197179591
175009124
96286017
241844632
203252978
32517582
192775898
122383598
148084535
150129665
174872452
32975719
244667048
183042530
23400372
193252464
53056548
66034498
857228
148373280
41512735
31716859
13412451
174634148
206268113
136917844
176416172
152307014
92876393
232727947
115764042
709816
179465791
16012670
28486022
28165524
246063557
35914234
23717637
110705629
195501954
2470643
74720956
97149348
132238368
142535943
174981153
18289260
51421559
206262029
108662645
185953443
73522668
154656237
233546467
205573155
185872667
242249397
207321403
134071763
55027626
184203525
49082643
91590417
71491207
20863175
593808
39310685
14350758
72531177
55190276
248788799
28002616
236597533
142016702
224911406
84828322
130046339
220055935
217428714
44028123
55790973
161185458
15845181
164264964
50336917
240062797
142707343
228409007
54530353
208899476
210139608
67397044
203092030
168363435
83274504
156499003
217173802
114568042
237263397
202296581
32870314
238689318
128804001
80617165
209162572
187956140
57834978
80441361
30145177
40256540
160159866
12098913
132658332
133632675
160038643
232099740
151943015
152518568
191468449
208597778
142183377
140558606
65608796
245818696
125098729
119994542
165236937
21716170
222422853
47863329
44393639
152659533
13138481
50584752
83189895
31945920
142233968
105382816
221068535
34977497
11697507
11736942
12259518
203706644
178640121
173606027
223815508
227949155
242197769
60610308
245289386
196450794
105850121
7394804
230198060
165340533
207074660
30312948
138410167
228486420
58577169
142423992
117123307
108946976
94526065
2909138
194659622
20003479
249662465
84777097
173885228
244865173
81281867
155586875
89474708
174590513
249511406
10753553
77211866
50553732
214944541
190637693
137118097
36836420
230011481
105007545
49724520
118322141
40623940
231902340
99332566
76013319
11039671
151806633
204002636
182215396
245742013
183976019
93120446
51824424
63729692
184148750
137110251
245317880
111636880
46528980
6535330
88579634
214351746
104890215
417537
129171203
14040745
66044260
2598776
229214466
193320101
25768371
201511295
93465978
164054290
15304170
222271112
33582625
72090911
193467441
186607598
4674397
152141232
17029975
215492954
185502592
115088996
62462024
180881677
128038500
170717065
21366429
124694077
195777116
180835761
55631195
141572545
98442866
100915310
234393974
69250103
4307453
187423031
241130399
70562283
108508015
218291117
86478874
90579427
75759114
228722816
149609468
121865103
72531698
11365563
133747332
51823264
204968664
38928869
235686323
96469222
194241566
200181529
220503146
127678446
113719964
164020173
78672780
192773168
32014166
185446252
177677257
115218133
81013263
84223296
120853951
72113233
216047978
115205488
55519260
127171895
219109510
104044664
197087046
173541459
70986346
118871215
147227980
145278102
79448308
43581935
62886475
146659950
167808989
123617831
36537847
70935570
84237610
135518457
184747005
69472754
129022871
7242549
213810819
138507217
161086959
175394724
54910923
82460850
129797743
150107172
220167713
91177662
248560018
33176640
129387066
8481322
123944263
24193334
121555878
68339825
213314029
114096847
44545053
17956446
50394221
76722980
149001846
31337416
167124733
196671153
100943995
211993778
236600103
117784026
247880422
167842449
236047210
107966907
131519152
158427756
109660977
197750875
134311317
37613692
178434795
9817640
56741605
198312666
153909339
32390374
235344143
108666631
35588749
105022036
177522204
20959283
138634969
175978586
144310328
96435642
35685925
185230628
58851255
127810172
222289093
157787688
200365601
169237050
123395136
239875332
183955611
8348542
37136428
142076979
72362426
151571802
163715567
34077216
234134143
108936609
10264900
203424324
141297922
151370140
37956547
26469416
156978195
144967514
177771411
62759846
149943397
227788620
177101579
135789310
68473352
118415550
163520829
21099006
77113871
116349935
153600373
247360146
203422547
169994619
42663822
22020060
121765739
126092452
70305831
68703511
4170062
213858678
25769951
229034039
138706377
190905706
202907091
191227385
49760428
14284511
199701939
2791736
119401457
5528853
55797996
244578271
85843131
42359228
221689271
3092792
22559321
96560231
9771535
228205084
183624514
136136860
167298702
23017998
17086540
226739982
240377588
100552429
57242747
56201239
68687478
221724779
226984662
169108696
30220412
36944080
36921522
60320219
128501578
220190179
9942719
62252920
33792343
151572823
186659093
210786167
33174116
91462845
157846145
202750975
147044867
11519834
183210759
29216352
95325509
107404241
103611139
240882732
187442356
93610514
196563006
13434556
176483106
12275194
214717814
194007373
137653148
6584506
9425760
163702497
96724519
100348524
233270760
190526591
16636
202265577
86139330
44746715
82434603
245667555
135589470
160874720
118621075
6697874
22402525
87959309
159274867
68019370
110385735
30132160
212651553
101987825
98828254
57405595
69462866
152591977
149734090
121505001
224569468
143705215
51900810
186654271
213117695
130783667
62315301
227328155
127893747
217416459
210414486
30717943
59244822
242503037
115674002
85695941
246473628
24230394
80600989
154112714
224285209
76147728
95304346
246333078
232987659
150280351
106027983
246574968
118892144
20389065
182968446
248136178
35228125
56969810
56213059
403182
109512644
6844365
220966378
109467877
167308616
146894788
106876828
233221069
187847253
196301029
191551957
155919454
203075805
216455172
209222460
137003478
27126359
173059841
71715409
222289427
213574272
5796585
244626098
124208522
113664178
104346413
94049948
134366006
225006683
142242047
163844573
141278201
68864458
143252747
152856190
179683627
130173764
15227115
165683549
1381645
33422270
218835421
242305475
17556147
159579167
180848332
122359042
1875759
101525745
168361550
11685060
8331524
81716615
100305536
161756472
72249812
105018396
118489089
114114315
62755028
10741435
98064422
81652596
240107932
11639988
172957545
189995719
76762413
73407773
107152092
202020616
163565163
113684565
105357130
100840241
185923836
103311772
86361266
146950015
25943253
208161559
31744868
57825509
35509420
9474965
22627001
146834059
2256647
137673461
242656385
64763752
933761
111045971
236707708
117368427
9932315
222435228
232509165
144018841
134189740
95446360
25643152
213977353
13905845
178795919
225378578
28404333
242398093
197477718
38450779
170452233
170556783
124906662
110630910
75082271
156038163
223856783
76870835
236019638
126891872
130198948
245499623
104868601
184035190
156476195
61947258
191010827
69533423
57341036
46659392
28000552
225692865
5479654
242013801
192729407
184619790
105701282
120588719
53035387
167996964
42798421
93913022
44683460
21576096
110902625
133447002
71948441
107852841
105717609
116670422
187010828
117678934
66013599
414735
199764358
176939598
129098942
245090829
52872684
102974792
145714719
77701266
162485226
47096604
200548511
145110583
228947602
157886885
98012849
72566307
233339057
82546999
46869536
37843223
129576878
55773735
73027707
113666525
127771404
126317312
49810115
104850615
63668099
80469514
17159688
148978035
166071854
216987886
45071828
128320083
110541213
116992196
91530628
135303328
93201767
103023919
144107171
105580469
221851374
142559627
176260762
137079735
138386828
235751284
3184857
133779545
51630298
150370852
188094842
25845465
6824249
27209086
31822779
37485277
15312102
153203869
10969270
87823501
171548599
39297368
189035514
177630247
84677071
120685697
163353440
219223106
177665891
215748764
137580553
129548742
130673190
39073915
148698251
29396048
73846315
124398530
190366013
103758698
222464247
128523782
84537177
139054854
95207455
90152257
101080166
247075109
110933416
246879572
32522531
156770589
77702440
85280138
208829451
148139447
22808672
77670120
29326881
97516177
17300786
189831172
30202048
175727206
87788965
231205529
182185822
89571268
173858287
239156157
31137928
112174221
20585332
17209774
188466983
202723714
34359568
106000571
82882084
9312524
53336385
151730078
102691772
204854534
92348474
96217905
88120890
102340352
38967678
217128808
153819311
136002130
241963706
152685939
237645203
67539299
88527784
129638085
147712985
107420420
136772811
96799381
175597718
39939588
175548921
94721630
68401452
46320827
59866822
246443651
92665534
184500467
10634747
107182951
69404053
123037210
37656420
149849068
210789790
53763802
140818302
7001544
200278136
213917666
106843351
65575879
238016665
176858639
41866936
122489198
119788113
27822779
153721687
53681897
145101646
179695222
214532865
20389142
6796728
160198992
165419383
153639504
203844759
74878284
185831803
246192511
248919189
226299027
153228097
109051469
61800159
163224659
44154540
96019103
107784357
2103618
142426358
88679434
213002159
73161786
102160635
123182411
39771319
158888733
210279799
6875167
165441621
141737089
32176334
85940806
177971527
186885738
147563775
24676937
123316512
19901387
236129670
119071027
110184155
69148944
244643568
62622999
142888609
198340262
47421226
53895468
156757014
115799808
169045030
218902034
102060313
134135712
91319443
181405362
71801993
216921416
33865047
145476227
137791838
211962621
155109848
162569102
161759709
169273970
78720889
39533538
9837139
165129182
38295184
190393663
135422978
48349981
175614646
54220301
49092843
222484633
24537247
51325742
58702331
205523337
195572749
127679694
132400762
201082764
102634565
87667374
81892821
53298655
107161545
105175379
193437777
15958577
46342645
206084597
43858563
164441946
70297909
90157498
182749942
42442488
211180420
161918379
105398209
96626413
224860004
57029809
249240602
243880400
4306499
205745940
93329178
117351718
35649915
68565610
249994339
240796042
131285427
34014600
155747256
20145571
63204074
118268616
114067129
168027133
180421393
155322992
175099707
232904896
241132667
213934077
241771370
208945479
68923397
126076677
163649201
149588832
132739761
234364350
214252700
112109096
131647457
79848364
15952835
2113235
136655634
58276370
85780168
181901453
76239642
201222239
116096558
151304120
196917597
48822913
240038536
85191184
102292376
79949327
37935147
152942551
156560108
212242716
28844093
86871034
225275459
146662721
20621516
167244194
94188626
32047968
114326213
230986130
32270140
80169133
154204773
62098482
220689405
153049035
39144610
231946704
108413652
156355217
126089318
44012032
59782083
202954665
247004004
222705357
133615077
18696502
191782689
232994113
175947411
140292928
116316284
129448635
221448478
233885150
227688646
105321005
100211987
37797873
77362365
242952937
144830685
17756084
111897746
89353858
11967041
23285804
210173545
180566228
225735772
118154319
102544616
15366723
244028296
238608918
127473644
143750552
83916978
160403205
53962800
23239195
151703969
197687564
246080616
219467595
160736019
249400526
152924862
163939849
200450420
93580046
26056145
46324999
77407791
78143074
233637777
215347706
215463878
148339953
12872386
157967146
247537638
173960327
247689427
222952333
424886
132269132
109710906
119003143
176214182
164808889
189129945
139243157
150239997
20853715
5991308
148806959
167784370
173727819
12874483
171801184
92711122
25629738
66541012
222634733
114543339
208389973
223554120
165191678
26486148
242057470
210283433
117317933
25426706
63978303
213700068
193259018
223285065
128931623
139281792
88995770
153813552
175410496
3892164
12699635
18338866
120504771
150979468
163474161
164003871
201537319
114514451
44982312
202914689
138935120
169754357
97162812
242895434
215300058
154418940
195316749
143047073
217349080
28366848
111715372
59543272
220853183
199702421
201670646
107222317
202255541
220424266
43239345
190826137
91681995
35126115
82160605
123803561
112752330
216208709
159812774
159440423
41983490
29313200
238280736
221724270
128784234
128348974
215952138
117183561
90090133
12707105
174969749
95847762
249207062
128465441
193550260
103651759
82349154
138866074
224674101
121354245
60035253
20619691
45298096
110667653
167095656
67017922
66742400
160226142
222921475
232927590
173255633
60430660
65809072
210718144
89317090
44766363
109110538
172206114
163506110
138985054
154320719
57021564
4355873
54744435
162448816
191333441
180311246
220660364
119567041
101917103
56110455
96153778
241562585
45638009
237338404
24416213
61687835
185002773
78762715
3145129
143599165
135071395
149348977
23661799
17722333
2657049
191439669
98217752
220645913
61644692
152564123
65974710
133009448
81202645
35408648
72294667
235871148
42208483
147763979
231168069
37045340
96339447
208622899
9736089
138868677
112541042
137777911
213715156
3112122
187828498
226749913
140422107
245192464
18651519
175951885
169007503
88579980
209429010
242610176
143902025
168313739
114248808
159474937
4863565
216108133
155297975
91648839
45912039
160540303
42895749
44046002
239018283
64645979
106626553
240993524
209079451
196584274
182535975
207922323
69255180
133418868
126171891
40667080
16568564
187801447
106665235
96885545
83050274
210396076
144645641
168089634
231854445
89847011
204225787
133473670
100069364
181647863
132711460
39082864
246446105
86474855
14472467
166050374
112482850
48179545
148335639
133580870
79005472
238169726
59684498
40564769
143207173
22040493
25974296
182646345
14991018
185420004
182041531
50620719
159380334
56665191
80659950
188172879
61931235
243806774
185601365
55393442
19534541
243107792
29188655
91908216
5621641
106129570
240847474
25959430
66376777
206494120
232913258
93588706
222233832
62371881
2390668
238684602
188191086
228433330
39744922
238341772
245628602
75979073
216227634
131139973
32030752
185886496
200923658
132528804
26655756
245555605
101116071
96943975
228537322
180246248
231007776
97487116
99489533
10743110
28635543
138304929
92681371
196247610
24081314
111586184
240247404
52292527
7041336
185845605
181581477
53556019
101318996
172980826
88272658
181335144
153941787
79335667
74458243
150955939
94636571
95549905
195348955
226046718
119242779
69717797
66327051
108224225
171269344
82778773
191192466
245868545
145306602
242592356
159319708
45064254
237252386
25935373
227852242
180874719
130060640
192264415
126998146
214604474
63585761
17881661
216760029
182419656
246601799
129380396
95983896
46536314
98242301
46659641
216442403
226546301
47182203
249787463
9522546
189691915
186284471
223583044
115387341
9681577
56580114
61932609
246553385
92283994
141532196
190932616
247333349
215209289
59082645
225406352
171543954
95135155
52414828
158093344
178528428
141314452
243794846
53380915
47967639
198268999
197065376
149604778
66972761
218296371
149941576
204809127
166509262
59930391
116541697
214642342
134966083
74820215
136575658
179807734
236794699
9579717
33178964
229804853
151020208
151142226
58967958
42033915
114582428
160331988
163852288
201869628
173610807
101721484
138135097
125647309
144138653
182702987
217069101
199814451
167072652
225866906
118674747
52750665
207803857
143077946
44973023
102915036
160973913
77492237
184059257
105909338
177118415
78986189
194873488
162314424
92825312
37302417
60858850
181835056
33741195
240147637
149349607
31163575
108206267
70872558
143642042
134536765
81639860
24615025
183999950
129722308
29597567
129589920
32975166
133179880
85206657
203702297
38129511
179954341
203782737
28384658
197861673
7815742
7279032
64470733
234525550
79928304
202623966
73522443
175074440
156781861
24470746
46518248
203202352
194970109
203016839
125125543
208463671
159496797
21665886
249065149
80621830
198460319
210224268
113990695
20594992
202860335
237246766
177376154
146945597
81710866
80843670
53893236
16914086
210874201
73968150
125330363
123690805
243598063
86009142
26459695
199856624
226181589
30091879
93313506
221151884
109008131
113492114
134688887
50156333
124774315
36063394
204793968
173641403
50910020
108816798
35368137
14468536
158251002
230296282
225946873
24703624
238796957
36177449
166251926
164483648
57128670
1409092
236047470
41611085
126557536
226606166
165937227
183987270
125893774
55043238
8225975
70965786
68864097
31280771
158091382
93818812
121098823
112770513
102893977
163416561
48848785
15289937
5351370
79081966
27457022
185800559
217907539
184524044
173786529
146535593
88189132
26710548
77556189
161610829
161053426
13130262
244293414
8506945
95222636
94158872
106583136
52420576
118123213
128602498
117321921
4482447
239639969
49874381
182009427
10365231
214726784
99270678
238876496
197412790
118491581
175909513
119393269
156028947
183472987
7218874
170139597
25550208
228336082
20103584
35583714
189127853
236168003
127341759
141300364
107936564
146392950
114329447
207123395
83280604
174950623
109146895
152498010
65972348
170992414
180067851
172378427
99766000
49253242
66217231
193764645
92500704
75707270
161798985
245385900
10941965
102479787
140163971
89491886
25700648
63753150
174102543
235783547
196441282
103751196
199732567
103199079
78975014
9702460
128978165
118576307
47212760
199679826
121726853
187181834
99412573
97692702
26766851
95091957
180889064
205266036
197307666
220929310
89827465
64332552
242818945
119307215
185113088
68691628
170390489
160928664
67783378
117205942
67989211
59690601
192703853
31283488
62973983
154684725
31784755
25086452
209396485
196121569
27884544
249904536
229424288
236487058
62039486
33920300
90525985
38153539
238206089
56525230
58839996
96956423
133501677
166669360
220452573
21564918
44775546
24477834
60692439
112955939
169522856
16889249
209859915
234847312
152806286
92694067
113427105
21813691
107659573
225929025
4206036
242316239
124667247
159360016
160037955
121992941
2927954
72077645
198894538
121422372
130948627
243445124
105972021
176480493
175027699
39674497
110190889
176149021
177797141
45408514
10980753
29417825
93823233
37351404
241443109
93424471
49387872
22909726
227954376
16683308
146090697
142544890
185740378
241280958
143360355
90258010
244739467
115551336
201764843
249448489
146985647
53723300
229255482
116086304
199526121
213071411
229446927
87142662
156460804
63651429
125642677
111719140
193539977
25306373
162485616
244941632
208078554
128241442
67916012
98121108
178505565
27295689
127844005
53685927
152221169
151050314
116645908
201614759
14277500
168629777
248372904
180807357
221654313
5831532
191234010
121155483
148356945
95837966
169823402
118369947
191119875
45456059
92023945
152210204
110034880
135257825
116793497
24637078
134323934
145405091
225410523
206718878
108060141
183452627
170203746
122609773
239702142
83621890
98529584
46258390
204109253
14276652
151003440
203898218
96753046
14644660
152360840
143117347
203843002
236830121
109298905
57511686
223007989
39189300
167933788
103003203
119626575
74272237
35681838
219285014
1570956
156123956
114263430
52827546
248758752
245097098
224180436
98582918
6855654
86973619
64758010
217809611
202032704
27747665
79410848
46822035
46124744
235341584
209753217
134468365
7826844
202488031
203532651
175723966
36286258
48861262
221009192
197738262
171334648
169538028
197949855
154038790
71000086
122153708
25369763
191410061
47503125
56955420
8875655
33558546
50515407
80829426
130153483
241070623
155716513
2693430
154287079
3490728
184392312
231584432
128852127
227943134
196056948
131875260
113815318
80968263
83022439
56114304
174107236
66348643
153557595
11384380
41012433
174501886
35239810
101050339
85385683
186527081
18979402
182339019
14433921
56348132
13414475
78740573
29059476
139623165
30722278
125341683
19907145
159591684
77243220
163897404
105238044
236888221
247240820
104401140
104346288
193337572
161227404
202716448
83798136
126956929
197479383
159488990
113208499
46274255
38373072
78460481
79199466
93366766
17887387
235515547
52899829
57789257
117888677
157898338
146271410
2309923
216771885
221241019
205987970
89299821
246461388
225337276
50399649
210684658
176822238
51025505
52275030
82840934
102733467
80483791
37878804
190703566
159247639
152264535
213167458
14497582
212989253
65511706
189414999
55048895
50712917
162323514
88691197
207323625
54971664
189049888
131367813
7629453
89891861
94608632
134721893
83902421
159317780
105872917
90764192
41901820
126100440
154150626
229580713
49204189
28835079
233731309
48484418
113496028
140574629
63979411
241185806
16093044
26036974
193440790
134409690
212148322
180854159
169676332
161766140
244275396
46162150
97659974
169588623
80145429
16749375
170232428
32522305
70012113
247877521
88776786
39115028
182155406
12093829
243035254
47902534
129855970
248414453
42315823
182252972
202332049
203998193
10989638
177499914
152589003
187757006
225482994
5145788
208703412
140119380
245262792
16150437
241561446
211041566
95583046
92620685
36041985
196763173
52625858
241116935
65707715
247442517
216514378
104609700
42333790
115177652
227098951
173504250
147219522
231707146
128175261
24510545
40593806
38921777
154572609
157536473
214698188
74227832
68409037
249880276
8939254
1157812
136268725
19178443
7186957
174258201
215087627
73374642
150025601
122630083
147669912
183143403
248892513
95338758
21638575
232868220
176542483
242375684
198807304
68091676
50173534
44684870
23469668
36916874
137327458
126978950
165508283
232510660
247793166
172731883
147855806
88225567
213770217
205842085
166218060
41222563
155209573
225100460
74564529
63709134
135443592
2286034
26794685
107225009
147494210
75662478
175298565
43339451
33527232
206274107
119564306
62417440
35429519
135149460
58959728
245973139
84600603
103970942
84963360
222654900
166612804
76514322
141643079
2470150
119551052
237659908
134029252
11595464
68278179
61505736
129683915
7057286
33217397
222932570
190857169
113367560
108259209
68714047
47130892
172500270
108279007
89430702
169941898
191864041
58162095
187545977
108104719
43505165
203129652
207982154
113973205
124021466
54178845
160164467
129358161
46033808
115070664
243233369
234317592
12104928
167977427
78454003
146091893
31878185
194492350
167324241
218306998
237926489
138819434
137831499
83014385
80039601
69635455
149575451
217393173
234410830
230695245
158120944
143791682
219679714
142997842
142631479
89239801
125922990
162852314
193485920
145385759
188093397
41635747
171618010
243088009
182688485
64821951
92199964
159903956
95846394
215696215
65221747
222437295
162174928
134430572
43409206
216212441
55109990
170008307
122899725
167460957
103471000
93933308
45711684
79547759
37943906
1287414
188075103
18694749
100613030
158799202
94714025
56693335
122213357
140453791
46906141
171427856
188201383
168717340
127893355
124216576
160900567
137005285
52841873
16347529
245074783
127743136
44362326
169910877
53765382
130999473
215876164
152423894
215127684
170279828
129884373
127499948
245687420
178855183
9981612
170101501
120150434
242064761
47983765
29556878
230704547
146388189
67274934
172285934
71697132
157558705
76635765
53355066
61030521
91531353
146376644
247138421
41985910
171388436
207131894
43818558
17665915
183401961
220910552
106052354
241980243
112759646
97343495
242172007
23889429
50188856
24468072
60460519
185347287
150935370
213618771
218689935
237728410
14691346
60564313
196700904
138467343
58845347
138163245
137360159
20492579
209163679
149542483
160492216
84727607
171858583
206197654
94825764
161684099
8118576
132692307
247201340
34673398
204140916
190355983
105887009
220405327
26069784
34573834
62378040
78327813
100011169
27854168
117707049
62858283
108040653
28988955
220475423
208407660
216323960
8658359
53543326
133596403
31031096
43847277
31281419
72330755
133192135
105119621
216561593
27540365
232193287
181970296
196248491
45244464
12734431
176194255
120964687
185969513
151481456
25555884
212334775
190227628
116334913
103928484
193468818
81516282
125702023
117597779
217776274
206076420
28644615
230835894
46658498
84958078
148883869
153303932
238038019
127920254
99816042
13210638
40733535
137048049
183691561
168771321
8291045
139060121
123590673
235748623
55928902
111416418
210661747
238619431
169479115
197394032
246218734
29416991
136535229
68241053
160562810
53419440
210254135
29569241
194080887
143072223
30643344
133900336
128885683
88314280
13975304
133672551
214341873
76553614
218367515
247907092
129673617
142484898
146214441
43099408
216214663
98447984
19517339
198359238
206066357
112310641
203298526
157780272
155312194
222022927
76424190
157907514
106659448
239858910
96088316
177857629
177633456
12682823
202504321
66193987
68628623
103045098
73651834
113412233
90277641
218463947
45731844
141915295
246587242
90906636
125381641
86363942
203230893
113916326
101043614
176202591
245239850
116407455
167783016
34744626
202594067
224164422
223445599
49421198
232817874
149490457
56973133
17553048
27619177
97083017
12420794
106163510
30458803
245936559
148592507
81188715
213805972
99671714
96877166
29831662
113407008
72784660
146566781
60824011
208573214
114999958
233455944
162011609
218119075
156888761
68143040
180213007
27483991
151603150
18535662
218963922
42670335
31046470
42561709
218390338
88398882
214487456
9464201
205261890
74980986
200842255
49589273
82894209
26318486
101953847
242266070
208197333
18076653
81621965
230514959
167586204
169172765
240724428
107140265
13396278
193293158
164964494
98056666
222105164
139626589
218765011
67932977
111994020
1885545
8298801
224429150
101175168
143393797
140121109
207792128
230274779
117618714
131307359
25615162
199734486
206095146
184410834
152341552
64328140
21521984
244868271
165904532
129994673
220373398
167747771
77755098
51815539
67644830
237277838
169708682
185846101
141761211
227650842
169872246
227197823
45499702
103462922
164772515
126085533
199579473
248963135
169910833
87816477
44399145
81947450
141254488
217600229
169140438
42210658
116848534
118815871
220194873
181951362
166154817
168673740
217818653
98833864
16281415
169574242
10966986
247332708
192000234
17851978
6513781
49592261
159631608
194388748
96004552
148092815
108995128
167746888
33325971
41905568
167635936
180855101
147508091
222478378
239128489
21383235
124209885
204589985
235456657
221961520
181012702
14043907
89089434
69867780
207135005
165886082
111897366
86552135
164545857
183656892
184719843
134283219
75277637
247143023
102461226
223645646
180379263
114078224
92942903
58399253
25078677
53787124
63036422
80602698
34816885
54396070
79794988
34642402
29566033
212901871
85153183
217980957
202858190
118175403
51503110
26400786
177809044
113042505
40635798
7030407
138023414
98071481
113506013
111240990
189764176
208052222
45382217
201414541
219207633
144904241
5145997
186839940
151095642
176462007
20623410
226458864
245234451
2989201
200111801
13389647
133837769
137933059
66218168
30244572
58666749
580821
81650443
171849808
40144827
170209693
231088123
67531248
199046561
109879785
54686557
62038362
175572631
202529831
222193190
223252041
51023175
165325514
88470311
105253371
209320822
227898012
130115903
81799160
182402068
50662115
41802234
53122288
60789740
248208767
214629139
249885497
83804791
183000306
48311422
171098117
145753869
15041638
223250911
87901309
26010181
128970779
96145078
39079884
165049241
197980498
171123570
116130809
50375747
12986527
142780217
180908577
212588223
28299709
209380452
42050655
238136886
38514727
92854617
15911285
160685247
170735771
81968665
155012020
6191669
192133915
116492733
224643764
155029280
224085498
45755128
193778302
217017667
243137658
13703809
27435000
14208001
237865720
115575566
69696485
130673593
198455814
125975549
172071797
104965541
102658717
175339103
22798711
196538883
97798191
133262077
56564930
202150678
235158370
172955805
31188115
72445014
187365785
12991968
203668749
85153956
28711934
209548465
110191730
232255939
225736240
215238134
183617258
213561183
162162995
73451022
152402499
63877297
193181800
128482249
186047144
120305664
133301564
197215684
10440701
43188136
192483070
95477183
228189323
7934695
75316108
158077642
34127346
77814112
148731129
146457605
54360148
46101746
247850388
204068084
211350467
197225802
207819310
188357472
48871365
33765822
150799241
69020129
157267863
247185617
142561473
11895811
42493834
44338346
49978013
216636325
174973514
60833810
169473391
149008727
229915190
191280657
68185405
47178581
158418644
154703936
244338126
247582667
187787258
85173409
228087702
228299858
43103636
73222150
37741733
8175311
199167000
97613089
220197871
17379083
30578366
34976770
158987349
96410378
37916834
87588001
208951790
19308766
222492240
106992891
217963264
43866420
170443160
207056326
62881027
172867562
13442173
178259378
52037331
68779767
68423229
239745514
38001170
228253971
148462479
223257526
17728349
137061973
134720045
136404741
15766671
223251790
171775677
170237643
178522465
134125152
116016899
143317276
18842351
57741416
39468115
29327228
53644318
195039672
147815854
224072556
168946677
150062936
175656285
43933052
207516607
150615571
185713006
168395178
132001587
99070315
103212197
62149748
244213904
209045758
211066453
50469734
24161064
210027033
248314514
42335873
246025575
104824015
146129991
239419436
163164966
176633659
138649397
183809400
168663278
182150814
164820236
245443747
6706122
73736776
5919400
177391473
130951261
163546275
217128531
5361272
164846028
222797561
173998121
20838584
68148730
3513134
109379772
48316339
161296703
150986817
12717450
233631010
202305123
114135409
84445719
96153202
175958735
186954224
57835760
27251619
35353429
13920260
161029364
178418804
243465225
245441707
105240042
237065657
77792197
214333770
147685524
215699921
211836495
8000977
112811780
94901382
166439465
72327276
235487003
142800548
69896707
229453023
90292189
181862998
96989448
220715802
69259478
102595860
34309611
108596211
29779989
20790464
50941063
36364579
68503080
168635771
92147047
26176448
64664508
208475948
153594784
129389032
207339159
53566545
132901151
79852864
55843810
76591690
100628636
246836126
49546751
13771380
162861594
104915816
18191724
96399160
81932621
236176620
26139243
221481890
114664659
139270597
97321526
146170975
7418412
27653888
227185280
147415491
190081682
193310798
112356857
157214677
145819527
183654360
80056557
68845428
241149950
14150602
22496105
97718355
211363165
154709326
100595357
214108784
174946720
220421657
39104781
231947422
96598376
226973541
249259777
131518594
43603785
129119323
18994749
83084127
48027445
152834069
79081465
21383827
77965847
537643
149611892
89339542
66347097
113432967
85839969
163495047
105624990
64967748
103419477
41468013
229396675
116750916
210008292
190215758
44570372
240889303
159224731
219957867
249126179
41295434
39805752
28335301
77631956
178250390
204195040
51451660
84335146
185155065
100294647
23960082
88740186
172620719
5112867
76624460
234813332
142065537
102140419
53548700
218689084
205249029
215608413
69325974
39755549
137708163
40316737
53068000
92675731
39404805
140668379
186884098
207217001
164162103
249580843
34769063
138323892
197876240
150592576
64073199
132066530
108845646
62974091
241592469
236938005
4061667
4679073
97634350
17836171
31737841
82033403
198653372
160928198
236799428
133959345
24368802
241222281
87499272
166387654
39367553
79841862
156717191
225712905
214589926
155958270
36435784
16714610
27290595
13091656
199092659
11191636
15893311
6478962
190286350
34215837
121844422
118082133
189226604
133745595
43964310
19550656
242230826
5863418
199139331
89532253
245020560
56097003
217218213
207889327
9032837
126943477
150527778
159394380
75559889
221535081
196056717
201092578
239587314
161080706
243152780
95043896
79508519
224239823
96984903
209062306
106737337
41674395
245219547
87134972
182417985
46859022
4280487
145507276
53692353
208902863
202618503
89903592
111572130
48766833
16340359
72587927
58049388
169715510
49931247
40551936
38812107
238295316
85730828
225340450
132199597
43540215
202361608
78900080
164326432
145593177
57907030
140474545
141357917
67508406
245489339
172991364
192531157
5875142
51415922
133765452
141415144
207085331
165141609
213318397
239440595
246460384
67119641
217811626
217177093
133859967
63522862
224738809
123372179
188664363
106050961
100284574
13542405
110210197
206045376
111101812
30649820
147824757
223609596
26669930
147969646
235110757
21887668
158892071
226500820
178998039
161845733
67081195
240226014
208566633
37726022
244198263
108283952
82083629
231276080
205861709
19960078
209334450
118326209
39972958
225103693
143479597
138346030
165467251
216430851
94135172
86922453
126991612
213375419
226633233
243733358
3918906
187465592
155441706
23345481
241257395
195302855
136357072
111835144
148209198
170197257
100632567
181484515
179907487
3390708
157430920
114130328
184421986
117171694
106762846
177210450
121696127
89953871
198623228
137742852
11211609
81619771
180017861
131789960
205450704
249780776
156561370
57786190
86119986
59074553
13110837
105249466
161219540
53629782
88334857
151891170
12320198
50308210
4188361
46920064
169944663
96477521
34310793
34159747
97899305
28029225
167820582
27352903
151257070
243714347
79330614
119815676
172816018
12968002
248001047
119770138
179145632
36183451
189918356
180910808
171493364
72023357
13997290
158546288
168513451
118490213
49516999
239938454
200269534
218983496
216798028
175420450
191142907
206287939
161529717
188335694
182151121
195803481
49784156
4589267
787244
168710216
181918507
86645048
151215805
59215134
70637357
16682069
65030586
192822296
249133574
178116142
89199419
17003890
5494671
80527879
54907951
139745624
215729589
101846080
212845591
27384220
33748351
168335573
8403580
126354405
44555731
16116459
238605542
69889685
134077207
187193829
86069611
211447980
83697326
136082623
167201052
94068934
171984617
66638617
38279348
183777277
10798777
202507057
42964922
149231590
47457365
171605969
85894189
73396392
40267628
186488163
233790239
31726004
128277565
167606541
225913528
119492451
137242754
206400214
56858326
199352460
25534717
175450156
172827596
10964449
232377604
243193588
181054318
145134517
100672912
73182265
135062611
165389613
232616877
97059356
135289347
109759529
181506051
210603739
98323197
27633161
39639229
137646192
244849899
110825984
87683531
169732166
216159319
239689417
85158501
35741058
3794249
177499503
192014666
167007626
151439664
138121947
62894027
211832315
34250283
152613419
242277663
170229021
7061106
66164615
182041145
52210162
168735842
19758799
124971329
49683395
142946075
236011727
248688340
65000850
234819717
102701635
17664661
193550531
226811888
185493451
229394543
91838155
81592327
206863878
103241715
70503803
163967465
149055452
216988672
203069970
37627069
201736973
65706676
102572062
63006359
130749641
28667885
143085628
201365435
40862852
76724661
127850370
151158184
11314409
232828677
10766968
243307787
191557419
109429788
159582740
231052861
49880729
68757402
55097342
70678737
205769616
180540883
219178606
194061958
137355068
179898289
241985457
32125216
185377421
49438961
150948995
115489197
137747968
46466883
181519448
84943389
225054966
131124323
94923634
15244001
84846473
19555231
182613000
110677779
36170717
158140593
238101769
28815165
196233068
100797541
174964663
53410477
142277015
32722966
88537647
61619129
134970062
216547043
22940654
243903031
118925733
235985128
246419476
221803145
92190458
104282267
160248917
95751535
40020288
245691418
23257943
199027191
167301560
231018436
80263116
160602101
19132395
102728808
204920220
202131672
7900771
53001092
98296884
10028851
73512234
27313904
49815360
37498729
211300389
184762527
166214378
162810452
76938074
80500401
115409873
107945418
51876304
203646691
21400004
129747049
141072814
81953884
42335871
102054060
48515494
170367596
128617111
15035991
106132234
185020711
133234914
32392427
182806884
118060120
42522609
46964756
47605235
200086720
213678955
66369106
140695670
130116614
198770325
140069786
54430879
218683934
80322786
168978968
110616185
129755288
64001821
123785461
176682998
145150596
42769346
186773842
152373055
57292121
238975847
66184978
103852973
26899048
247750405
156611907
121049880
241517630
35273139
49092767
86778203
195020940
162613991
67602141
46494429
182794812
229494261
101400301
70498593
146943563
192668103
42518035
1290504
32785497
66882142
212523959
79585632
86995559
196134722
198782827
232805985
58755018
123431817
195535680
171157483
50662139
215849439
42897882
63914098
169236520
49785484
169590347
20383520
104758157
140595563
96372374
177309144
168841169
207568460
209371473
119703485
175837733
123964803
57897216
178179212
171325214
202629240
151525990
174153920
225707079
59195772
73722339
217543466
235694762
112409135
224117568
133973142
119935852
70837197
204767822
102069915
209648820
63468888
242235983
136962090
131670323
143464840
41501289
107649347
51566455
88021447
169320175
132774169
115586099
39294086
31790415
95736740
100665012
9405577
150480207
90715215
136263346
129189285
2031711
182372371
241417893
49397258
207394296
42567679
88498208
71829549
233849417
211275484
28413816
96843490
224245491
59149842
60046780
232394363
133834503
91644089
248035509
244060970
208527290
182579707
103747459
207216583
69553840
124862153
178596425
99436464
65282527
2017672
79986442
229039446
48598002
199751696
196293994
35556448
225093965
197751388
97940801
245498715
212249390
19944642
33031574
104399488
156410384
28650986
63178560
95637626
94101983
123033545
124471620
68482710
84557366
118595879
247335023
81871357
88082752
211701420
26094564
30149724
18054109
23687166
67572835
124788161
246159950
19966977
5600499
96795741
160359578
116649162
6840302
116755909
240681589
53583833
214433771
29637092
215228954
242040204
48326545
88683779
155598920
131693803
127013198
47499421
87816342
230068637
47144646
44964033
181616876
225925997
62993723
56397405
44983989
130364062
93555266
83997171
63377665
77429868
247872635
41967030
241271528
63431198
32669033
175511854
152667066
97792159
118113170
129201767
155463012
92297098
145667404
134484555
193679482
171657757
25947580
204197268
164833188
158277638
199310630
59590453
211054685
73310198
141757227
75332287
79751955
87807945
5426251
136191591
137699061
179131814
2441857
23209671
173903102
78915375
64427772
92205387
5862355
41773593
245367984
84340890
159424570
153776633
133095317
122714472
58234412
149719358
156013389
138319907
13965085
101958128
21782019
41830746
185841884
164109499
221422824
174283654
9054576
238342298
147619390
91826246
19444579
194260240
135329904
39278275
108887959
108466701
38078222
207190800
62311605
20985335
120091870
127312952
70617740
224579291
12468567
143316409
49171248
131088371
33876858
40514684
220353517
232610658
249272353
7954483
157403326
128744944
231972321
4555669
245913296
75912936
210876987
190712226
153609689
184101616
180400654
7002201
191237255
237080608
109566876
131186036
135640809
84046640
42453269
637581
208058147
213725464
112970539
40721684
202563798
39108054
206318669
134507635
88528777
76645773
198114771
13056018
94124848
37019648
54734569
114126613
141401615
109882115
12942604
29859664
84517049
220206296
141718251
72975696
35449764
151954317
109193615
125423449
32212276
187519326
77615954
78922935
53636477
213978624
214367471
12212082
73998759
59722246
51355301
243206963
58619111
142507895
10818114
71865766
70191396
1420384
168477291
82555378
225846508
72394092
108676779
103912968
51299593
23618904
214485226
20196484
186470153
218317346
85101839
100681833
23887539
115297127
59913342
167549830
185251007
235906373
57134841
72398381
74532217
98844496
128651235
205872122
249100746
29177789
199742990
216569863
119599080
57809069
41917435
137864083
213278159
3093523
51133123
109451934
234959195
135304664
85565290
132296203
204364408
209970159
83191354
152932079
224893706
119943613
64209271
216667235
99917902
171532266
101016009
7671853
30791567
33571936
196281958
216597102
90042640
86643523
209217439
167949889
189644275
199083564
137607879
65251947
39030271
98642753
215186512
179539151
196953453
40589111
92304890
128276364
211828731
88800772
155489218
147022410
237353521
137571417
34084808
238647654
64538125
18745438
240647426
12845805
46412939
103763435
69595863
61846299
99784395
21618458
163129964
179856131
205991201
245439247
206220147
56621233
226519415
233484269
132746029
87396346
66383170
226803812
50922665
90438396
88455302
1286243
22189815
243203686
105584279
196353917
137806355
52719394
219468872
34592783
55999489
168764735
219789684
151949441
173426836
14648380
12502119
224729574
166170701
172485903
17628960
89124975
131260419
115051538
46173749
180630612
21434208
242080635
237053599
185178047
198051393
215955189
243283142
153892003
140051184
20582957
24759062
60351105
80370732
127534048
8907660
6893102
215715720
182966214
199746334
18566936
111939358
4522367
100549914
50819826
68555287
64433953
134064765
202553856
171220967
92988686
73390200
146529324
41513162
187789841
137884184
214056539
25155015
163703409
191420678
181814028
29610671
73338137
73209164
199076472
69007922
11492797
145039044
164499276
238232385
192780285
112562426
120911682
60224588
228263215
220603544
75221728
141706082
216350048
177633438
1704866
221048536
9924051
90668666
47389476
218319070
26645273
113325534
115553672
93903133
69925452
76608170
184800479
44338787
245043915
85587544
158319232
140557698
76855607
159017008
155064889
235953014
42201239
47229159
22715634
5952154
184880614
62274114
70123759
73372
85553209
77232298
112758683
188922716
146143728
105357940
206908420
196076148
2893109
229775835
105051610
114065874
41063386
83612361
102191298
43868675
61055992
119943360
21276595
27139180
131509157
104521440
201119925
42359615
70253960
74574535
195912361
65273740
87738441
107737560
50178990
231088950
127539693
129651191
229561095
47006729
216588002
193480427
75198438
35980785
244644252
86789477
233575040
84106114
73631730
79596824
224678803
122221340
145366151
177214486
204806429
14890211
115947176
23717004
161030485
36356370
36166459
58898447
221074964
226108626
57036929
135293385
219264971
138638252
200582342
126923075
117665263
8929599
201536253
114791617
29175108
135602008
114463209
43246352
195028903
214322081
101486602
216906266
21728415
194699469
170619295
70296600
112274613
243883087
88455326
33091607
224978496
214351632
33314340
141144191
35642540
35037147
17822252
112945754
36349365
189871501
108404939
146121701
130577195
166221826
30069102
248131326
174314605
135585085
134490847
42996449
49879303
